0 0 0 0
0 0 0 0
0 0 0 0
0 0 0 0
0 0 0 0
0 0 0 0
0 0 0 0
0 0 0 0
0 0 0 0
0 0 0 0
0 0 0 0
0 0 0 0
0 0 0 0
0 0 0 0
0 0 0 0
0 0 0 0
0 0 0 0
0 0 0 0
0 0 0 0
0 0 0 0
0 0 0 0
0 0 0 0
0 0 0 0
0 0 0 0
0 0 0 0
0 0 0 0
0 0 0 0
0 0 0 0
0 0 0 0
0 0 0 0
0 0 0 0
0 0 0 0
0 0 100 0
0 0 0 0
0 0 0 0
0 0 0 0
0 0 0 0
0 0 0 0
0 0 0 0
0 0 0 0
0 0 0 0
0 0 0 0
0 0 0 0
0 0 0 0
0 0 0 0
0 0 0 0
0 0 0 0
10 7 80 17
10 7 61 19
10 7 71 19
10 7 60 19
10 7 61 19
10 7 58 19
10 7 60 19
10 7 60 19
10 7 61 19
10 7 60 19
10 7 61 19
0 0 0 0
0 0 0 0
0 0 0 0
0 0 0 0
0 0 0 0
0 0 0 0
0 0 0 0
10 7 41 18
10 7 54 18
10 7 44 18
10 7 48 18
10 7 54 18
10 7 59 18
10 7 41 18
10 7 51 18
10 7 98 18
10 7 68 18
10 7 49 18
10 7 63 18
10 7 39 18
10 7 51 18
10 7 39 18
10 7 53 18
10 7 39 18
10 7 45 18
10 7 50 18
10 7 51 18
10 7 51 18
10 7 42 18
10 7 16 18
10 7 42 18
10 7 42 18
10 7 51 18
0 0 0 0
0 0 0 0
0 0 0 0
0 0 0 0
10 84 49 8
0 0 0 0
10 25 60 19
10 7 62 19
10 25 62 19
10 7 62 19
10 25 60 19
10 7 77 19
10 24 63 0
10 8 65 19
10 8 99 19
10 6 88 0
10 8 65 19
10 8 99 19
10 26 37 19
10 26 65 19
10 25 59 19
10 25 62 0
10 25 62 0
10 26 79 19
10 25 65 19
10 8 82 19
10 26 65 19
10 27 60 19
10 27 38 19
10 27 59 19
10 25 60 0
10 27 60 19
0 0 0 0
0 0 0 0
0 0 0 0
0 0 0 0
0 0 0 0
0 0 0 0
10 10 65 19
0 0 0 0
0 0 0 0
10 10 60 19
0 0 0 0
0 0 0 0
0 0 0 0
0 0 0 0
0 0 0 0
0 0 0 0
0 0 0 0
0 0 0 0
0 0 0 0
10 0 41 19
0 0 0 0
0 0 0 0
0 0 0 0
0 0 0 0
0 0 0 0
10 10 59 19
0 0 0 0
0 0 0 0
0 0 0 0
0 0 0 0
10 0 39 19
10 0 51 19
0 0 0 0
0 0 0 0
0 0 0 0
0 0 0 0
0 0 0 0
0 0 0 0
0 0 0 0
0 0 0 0
0 0 0 0
0 0 0 0
0 0 0 0
0 0 0 0
0 0 0 0
0 0 0 0
0 0 0 0
0 0 0 0
0 0 0 0
0 0 0 0
0 0 0 0
0 0 0 0
0 0 0 0
0 0 0 0
0 0 0 0
0 0 0 0
0 0 0 0
0 0 0 0
0 0 0 0
0 0 0 0
0 0 0 0
0 0 0 0
0 0 0 0
0 0 0 0
0 0 0 0
0 0 0 0
0 0 0 0
0 0 0 0
0 0 0 0
0 0 0 0
0 0 0 0
0 0 0 0
0 0 0 0
0 0 0 0
0 0 0 0
0 0 0 0
0 0 0 0
0 0 0 0
0 0 0 0
0 0 0 0
0 0 0 0
0 0 0 0
0 0 0 0
0 0 0 0
0 0 0 0
0 0 0 0
0 0 0 0
0 0 0 0
0 0 0 0
0 0 0 0
0 0 0 0
0 0 0 0
0 0 0 0
0 0 0 0
0 0 0 0
0 0 0 0
0 0 0 0
0 0 0 0
0 0 0 0
0 0 0 0
0 0 0 0
0 0 0 0
0 0 0 0
0 0 0 0
0 0 0 0
0 0 0 0
0 0 0 0
0 0 0 0
0 0 0 0
0 0 0 0
0 0 0 0
0 0 0 0
0 0 0 0
0 0 0 0
0 0 0 0
0 0 0 0
0 0 0 0
0 0 0 0
0 0 0 0
0 0 0 0
0 0 0 0
0 0 0 0
0 0 0 0
0 0 0 0
0 0 0 0
0 0 0 0
0 0 0 0
0 0 0 0
0 0 0 0
0 0 0 0
0 0 0 0
0 0 0 0
0 0 0 0